


















































00101001010101001001010100100100100100101001
01001010010010010100101001010010010010100101010010010100100101
00101001001
00100101
00101010010100101001001
010101001010010101
0100101
01001
001001010101001001001001
0100100100100100101001010010010010010100101010100100101001001001
01010100101001
00100101010010010010010010100100100101001001001

0100100101001001001001001
01


0010100101001010101001001
00100101001001
0100100100100100101010010010101001
01001
00101001
001001010101


001
010101001
0101001001
01010010101
0010101
00100100101
0100100101001010100101001
01001

0100101001
010100101010010101001
00101001001
001001001001001001
001010010010100101
01001001001
0010101
00101001001001001001
0100100100101001001001001
01001001001
00100100100100101
0010010010010100100100100100100100101001
00101001

01010010010100101001
0100100100100101001010100100101001001
010010010101
001001010010010010010010101
00101010100100101001010100100100101001001010010100101001

0101001001001001010010010101

01001
00101
010100101
010010101010100100101
0100101001
00100101
010010101
0010100100101
010010010010101
010101001001
01001010010010100100100101001

0010100100100101001001
0010101010010010010100101010010100100100100101001
00101


00100100101010010010010101001

001001
0010101001010010100101001001001
0101001001001001001
0101001010101001001010100100101010100100100101001001010101
01001010100101010010100100101001
0101001001001001010010100100100100101
0010010100101001

0101001010101001010010010100101
00101



001
010100101001001001
001001001
01
010101

001001
010101001
01001001010100101001001
010100101001001001010100101001
00101
01001001010010010101

00100101001
0101010100100101001

010101001001
01
001010101001
00101001001
01010010100100101
01010010010010010010101001010010101001
010010100100101001001001010010010010010010010010101001
01001010101
001
01001001010100100100100100101001001001001001

010010100100101010100100100100100100100101001001

00100100101001001001




0100101001
0100101

0100100101010010010010100101
010100101
0010100100101001001010100101010101
00101
001









010101
