


















































001010100100010100100101001010100101
0010100100101010101001001001000100101
00101010001010010100100101001010010101001000101
01010001001010100101000101001
001001010010100101000101
00101001001001000101001001001000101001010010001001010010010100010101
00101001010101001001010100100100100100101001
01001010010010010100101001010010010010100101010010010100100101
010101000101001
0100101001001000100101001001
010100100101001001001001001001010
0010100100100101001001010
0100101001001001001010001010001001001001001001001010010010101010
00101001001
00101001010
00100101
001001010010101001001001001010100101001001010101010
0010010100010100100100100010101
00101010010100101001001
0100101001001010010001001
01001010100010101010001010100101010100101010010001
001010010010010100101010001
010101001010010101
01000101000101000101001
0100100010101001001010101001010010010100101010010001
00100100101010010101000101001010
0100101001010
0010100100100101001001010
0010010101010
010100010100100100101010010100101001001001001
010010010101000100100101001001010010001010010001001
010010100101001010101010100010101
0100101001001010010101000101010100101000100101001
001010010010100010101001001001001001001001010100100100101
0100101
01001
0010101001010101001010010001001001001001
001001010101001001001001
001010010010010010001010100100101000101001010
00100101001010010010010101010010
01010
0100100100100100101001010010010010010100101010100100101001001001
010001001001010
01001010010100010010101000101010010100100100100100100100100101010
010010101001001000101001000100101001001010010100100100101001010010
00100101010100100101001000100101
010
001010010010010001
0100101010010101001001010
010001010010101001
001010101001010
010001001001010010100101001010101000100101001010010010001
0100100010101010101
010100101010010001010001010010001010100100101000101001001001010
01010100101001
00100101010010010010010010100100100101001001001
01001001001010101010100100101000100101010001
01000101010001010001010010
00101001010001010010100101001010001010010101010001001001010001010
001001010
00100101010010100100101001001010100101001010010001010010101

0100100101001001001001001
01
0010100101010010010010100101001010101001000100101010
01001010010010010100101010100010100010010010100101000101
01000101001001
001001010001010100100101001001001010010001
0100101001000101001001001001001010100101010101001
0101001010
001010001010010100100100101
0100100101010010
001001001001001010001010100101010100100100100101001
00101001001010101001001001001001000101000101001010010
0100101010100100101001010100100010100101001000101001001010001
00100101010010
0010010010101001001010101001010001001001010010
0010101000101

00101000101001001001010100010010100100100101
01000101001010010101001001010100010100100101010010
00101010010010101000101001000101010010001

0010100101001010101001001
00100101001001
01010001
010010101001010010100100100101001010010010010010
010100101001001010101000101001001010010010101001000100100101001
0101010010010100100100101010
010010010010010100101000101010101001010101
01010100100101000101000101001010010100100101001001001
01001000101000101001010010100010010101001010
0100100100100100101010010010101001
01000101001001010010010001010010010001010001010101010001001010
010010101001010101001001010
010010010010101001001000101010
01001
001010010100101001000101010100101010101001
00101001
001010
001001010101

01001010010100010100100010010100010010100100101
01001001010100010100100101001001

001
0010100101010001001010101010
01010100100101000101000100100101001010101001001
010101001
00101010001010
0101001001
001010010010010100010010010010100101001001001010010101010010010
00101000101010100100010010100100100101001001010100101001
0010010100101000101001000101
010001010010100100101001010010100010010010010010100100100101001
01010010101
001001001010100010010101001
010001001010100100100101001010010010010010010010101010001010001
010
0010101
0100100101010101001010
0100010010100100010101001
00100100101
01001001001001010010010100100101000101000101010
00101000101000101001010010101001000100101001000100101
001001010100100101010001010010101001010010100101010010010001
0100100010100101001001010001001010100101
0100101010100101000100101001001
010100010010010101001010
0100100101001010100101001
01001010010101001010010010010100010010100010100100101010
01001
0101010010010100100101010010101000101001
0100100101010010

00101010001010010100010100010100101001001010010101010001001
010010101001010010010101010
001010010001010100101010101
0010101010010100100101000101
0101010100101010010
0100101001
001010010010101010
010100101010010101001
001010010101001010010101010100101001001010
00101001001
0100101010001010100100101000101001
001001001010010010010001010101000101010101001010010
001001001001001001
001010010010100101
0100101010010010101010
01001001001
01001010010010100101001010010100010100100101001001
010010100010100100101010010010101001000101001
0100100010100100101001001001001010100100010010010100101000101
0010100100100100101010001010
0100101000101010010010101001001010
0010101001010010010101001001001010010001010010100101010001
0010101
00101001010010
0101000101
0101010010010100010101010010101001001001010100100101
010010100101010101001001001010010100010010010100100010010101
01001010010010
00101001001001001001
01001010100101010001010010101000100101001001010010
010010100010010010100100010101001
0100100100101001001001001
01010001001001010010010001010010010001
01001001001
0100010101001001000100100101000101001010101001
00100101000101001
01001001001010100101010010010010
0101010100010100100010100101001001000100101010
010010100010010100100010100101001001010010010101010001
00101001010010100010100101001001010010001001010010010
0100101001000101000101001001010010100100100101010101010100101
01001010010100100101001001001010001001010
010010010100101000101001000101001001010001010010101001
0100101001001010100100010100100101010010100101010
00100100100100101
001001001010101010101001001010
01010100010100101010100010100101001
0010100100100100100101001001010010100010100100101001001000101
01001010010001010001010
010010101000100101001010010100100100101001
01001001010101010101010101001000101010010101001001
001001010001010010010100100101001010010101010010010010101001
01010010101010
0100010010010100100100010101
0010010010010100100100100100100100101001
0010010100101000101001010010010100101001010001001001010
0100010010101001001001010010100100100100100101001010
01010001001001010
00101010010
0100100101000101010001
010101001001010010010010100100100100100010100100101001001
01001010010100101010101000100100101001010100100100101010010
0100100101010010010010100010101001001
01010010010100101001010010010100101010100010101010100101
001010
0010100100101001000100100101001001001001
001010010001001010010100100100101001010
0100100101010100101001010100010101001001010101
00101001
0010010010010010010101000100101001001000100101001010010001
0101010010100101001010

01010010010100101001
0010101010100100101001001001010001010100010100101
01001000100100101001010010100010101001000101000101010
01001010001010010100101000100101001001010010010
0010100101010100010100100101001001010010
0100010100010101001001001010001
00100101001000100100101001010010101001
0010100010010101001001010010101010001
010100010100101001010010001
0010100101000100101
01010101000101010010010
01001010010101001010
010010100100010100010101000101000101010101001001
0010101001001010010010010100010101001010010010001
00100100100100100101010010001001001001010010010010001001010
0100100100100101001010100100101001001
010010010101
01010100010010100101001010100101010001010
01001010
010010100100101001010001010010001001010010100101010
01010010001010100101010010001010
01000100100100101001010100101000101000100100101001001000100101010
01001010001001010101
001010100010010010101010010001010101010001010001001010010100101
00101001010010100100101010101001010010101000101000101001001
001001010010010010010010101
0100010100100101001010010100101001001001000101010001001
010100100100101010001001
01010100010100100100100100100100100100101001
001010001001001010010010010101010100100010101001000100101000101010
01001001001001010100100101001001001001010100010101
01000100101000101001001010010010
010010001010001001010010010010010101001001010
001010001010010010010100010100101001010101
00101010100100101001010100100100101001001010010100101001
01010101010100100100101000101001010101001000101001010

010010010101010100101010010010
0100010010101001010101000100101010010010010010010010010101
0101001001001001010010010101

0100100100100101000101010001010001
01001
010100010101010010010100101000101001
01001001010
0101001010
01000101001010010101000100100101001001001010010101000101000101
010010010100101001000100101000100101010010010010
010010
001001001001010100101000101010010010100010101
010010010
01001001010101001001000101000100100101001010101001010001
010001010101001000101000100101010
00101
010100101
0101010
01010
0100010100100101001010010101010010010100100101
001010001
01001010100100101010001010101001001001001010010010
010010010010010
0101001010010101010010010010010
0100100100010010100010100101010100100100101
010100100101001001001000101001001001001010101010010001001
010010101010100100101
00101000101010010010101
00101010100100101010001010001010010101001
0100100101001010101000101001001010010101010010010100010101
010100010101000101001001001
010010101001001001000101001010010101010010101001001001001
0100101001
00101000101001001001010101001001001010100101010001010010001001
0100101001010010100100100101000100101000101001010101
0100100101001010
0010101001001010100101010
01001010001010010100100100101000101
010010100101010010100010010010101001000101001001
01010010100101010001
010001010100100101001
01010100010101001000101001001010001010
0100101010010010001001001010010
010010101001010010100101000101001
010010100010010100100101001010010101
0101001000101010001
00100101
010010101
01001001001010101010010010010100010101000100101
0010100100101
010010010010101
010101001001
00100101010010101001010010010010001001001010010100101
010001001001
01001010010010100100100101001
010010001001010001001010010101010010101001010010
0010101001001010101001010010101001001010010001010010010
010101010010010010100010100101001010001001001001010001
001010101001010001010001010001

0010100100100101001001
0010010101000101001001010001001010010100101000100101010001
01001000100101000101001010
01001001001010100101010001001010010100101010001001001001
001010010010010001001010010001010010010010100101001
0010100100101010010101000101001
001010001
001010010100010010010101001010100101001001010100100100101010
010001010010010100100100101
01000101010001
010010010101010001010010010010001010010010
010010101010001010001010010010100010101
0010101010010010010100101010010100100100100101001
010101010
00101
001010
001010010100100100101010001001010101000101010100101001010101
0010010100010100101000101001
01001010010001010010010100101001001001
010001
001010101001001010010010010010101001000101
0100101001010010010010100100010100101001010001001001
0100010101010100100101000100101010010010100100101010
01010010101001010010101010010101010010001001


0010010100100100100100101010010
010001
00100100101010010010010101001
01000100100100100101
01001010001001
010010100101001010010101010
0101010001010010100101000101001010010010100100101001010001
0010101000100100100100101000101
0010100010101001001001
00101001001010100010100010101001010101010010100101
0100100100101000101
01010001001001010001010001010010010001
001010001010010100010100100100100101001001001
001010
001010100010100010010010100010010100100100100101001001
0100100010010100101001001001010010010100100100101001
00101000101000101010010001010010100100101001001010010001001001

001001
0100010101001010100101010010101000101001000101010001
00101010001001010101001010010101010
0100100010101010001010001010010100100100101
010010
010001010010010100100101000100101010010101001010
0010100100010101001001010101
010010010100100101010001001001010010010101001001001
0010101001010010100101001001001
0101001001001001001
0101001010101001001010100100101010100100100101001001010101
0100010010010101001001001001010
010001
01001010100101010010100100101001
01000100101010001010001010001001010010
0100100101001010010
01001010010101000101001010101001001010010101000101001
0101001001001001010010100100100100101
0100101010010010010101001000100101010010001001001001
001001001010001001010010010010001010100101
010010010
01000101
001001001001010100100101001010010101000101010010001010001010
010
0010010010010101000100101010010100101
0100101001010001010101010001010101
010010010010010101000101001010010001010010001010001010001010010
0100010100100100101
001010010010101010100100101001001000100101
010010010010010100100100100101010101001001010001001001010
00100100101010010010010010010010100010010100101
010100100100100100010101010010100100100101010001010001010010001001
010001010001010010101001
01010100010100101010100100101010
0010010100101001
010001001010100100100100101010101000100100101001001001001010001010
010001010
01001010
001010010010001010010010010100101001001001

01000100101000101010101001001000100101
001001001010010100010010101010010
01001000101001010101010001010010101001010010
00101001010010001
001001010010001001010101000100100101010
010
010010010101010010010010010100101010100100101000101001001001
00100100101001001010010010100101001001001001010010
0101001010101001010010010100101
01001010001010010101001001010
0101000101010010010010010101001010010100010100100101001001010010
010010100100101010010010100100010100101000100101001
00101
0100101000101001001001010010001010001001010010100010010101001010010
01001001000100101001001010010001010100010101001
001010010100010101010010100010100101010101001010100101001
01010001
0100100010101010100010010010101010
001010100010100010100010100010100010101001001001


001001010010100100100100100100010100010010101
00101001010010010100100101010010
0100100010101001010101001001

001
01001001010100100100101001010
010101001000101010010010101001001010010001
010010010010010100101001010010010010101010001010001
01010
010101001010010001010001
01010001010101
010100101001001001
01001001010100100010101001010
01010100101000101010010010101010010101001010
001001001
01001010001
0010010100101010101001001001000100100101001001
01001010010010101010001010001010001001
01
0010010100100010010100101
0101001010010010010010010010100100101010010001010010001
010101
0100100010010100100100101000100101010101000101000100100101010
0101000101010
010010010001001010001001001010010001010100010101001001010001010001001
01000100100101
0100010100100101010001010

0010010101000100101000100101000101001001010010
010001001010010010001010101001001010
0100010101001010010010001
010010001
010101001001010010100101001010001
001001
010101001
010010010010010100100100100101010100100010101010010010010010010
010100100101001001001001001001010010100010100101001001001
0100010101001001010101010010010101010010100101
01010100101000101010001001001001001001001001
010101001010001001010100100100100101000101010100010101010
001010010001010010001001010010100100101001001010010
0101010010101010
01001001010100101001001
0100100101000101001001001001000101010100100100100101010010101
010100101001001001010100101001
0101001001001001010001010010101010010100101010
00101
0010010100010100101001001
0010010010101010010100101001001010
010001010010010010010010010010100101010010010010101000100100101001
0101010
0100010100100100101001001001
0010100100101001010010
00101010100100101010100100101010010101010010
01001000100101001001010
00101010001010101010101000101001000100100101001001001010
01010001010010010100100100101010010010010010100101000101010001001
010100010100101
010001010100010100010100101010010100101001001001010
01001000100101010100101001001010101000101001001010010101
01001000101001010010
01010010010010100010010101001010
001010010100010101001010010101001001
0010101010001010101001001010100100101010010010001001001010
0100101001001000100101010010010
001001001010010010001010101000100101001001010101001
0100010100101010001010010001
010010
010001010101000101
0010100101001010001
0100100100101000101001001
0100101001001010100100101010
01010010100010010010010100100101010010
0100100010100100100101001001001010010010010101010010
001001010010010010010010010101000101001001010001010101
0101000101001001010101010010100101000101001001010001010010010010
01001001010010010101
01001001001000101001001010010010010010010101

01010100101001000100101000101001000101001010010001010001001010001
00100101001
0101010100100101001
00101010010010101000100101010010100101001001000101000101
01010010101001001001001010001001001001
0101010010100100101010001001001010100010100101010
010010001010001010010010010100101001010101000100100100101010001

010101001001
01010100100100101001000101001010001001010
01010010001001
01000101001010010010001010010010010100101000101010100101001001
01000101001001010010100010100100010100101001
001010100100100010100010101001010010010100010010010010100010100101
0010010100100101000101000101
01
001010101001
01001010010100101001010
00101001001
0100010101000100101000101000100101000101010
010101010010100010101001010100101001001010001010010
0100100100101010010100101001010
01010010100100101
010010
0010100100010101001010100100101001010
0100010100101001010010100100101
0100100100100100101010010100100010101010010
010010010010100010100101010100010010100100101
01010010010010010010101001010010101001
010010100100101001001001010010010010010010010010101001
010010010010100100101001001010
0101001010
01001010101
00101001001001001010010100100101001010001010001010
0100010010101010010001001010010001010100100100010100010100100101
0100100100100101001010101010
001
01001001010100100100100100101001001001001001
00101001001001001001001001010010101001001010100010101001001001001

010010010101000100101001001001001001001010001
00101010010101000101001010001001001001010
01001001010001001010010
010010100100101010100100100100100100100101001001

00100101001010
00100100101001001001
01001010101000101001001001001001010010010
0100100100010101010100010100100101010001010010101001001001001
010100010010101001001010101


001010101010100010010100010101010010100100100101001010
01001001010100100010101010100010100100101010

0100101001001000101000101010001
001001010100101000101001000101
00101010010010100100101000101
01001010
01010001001010100100010010010100101001010010101001000101010

001010010101000101000100100100101001010010100100010010101001001
00100100101010010001010010
0100101001
01000101010100010101010010010010010101001010100100100101
00101010
0100100010100100100100101001010010010101001010010001010010001001
01001001001010100101010001
01010010100010100101010010100100100100101001010
01001010100010010010101010
010
0100100100100101010001
01010100010101010100101001001001000101000100100100100101
0010101001001001010010001
001001010010010100100100101000101000101010
0010100101001010100100101010010100100101000100100101
0100101001001001010010100101010
010010101000101001
01001001010010001010010100101010100010100101010100100101001
010100101001010
01000101000100101001001001010001
01001010100010010010010101001000101001001010010001001
001010101001010100010010100101
010101000101010100010010100010010101
01001001010101001001010001001010010010010001
010010100100101010100010101
0010100010010100010010100101
0100101001010001010010100100101010101
001001010010100010010010101010010010101010010001001001010010010
001010001001001001010100101000101000101001001001001001001
01000101000101010010010010101001001010101010010100100101
0100101
0100010010100010100101001010101000101010001001
001001010001
0100101001010100100101001001001000101001000101001001
010010010
01001010100101010001010001
0010010100010100101000101
0010010101001001010001010010001001

01001001001010001010010100100100101010100010101001001001
0010010100100010101001010100101001010010010100101001
010001001001010010100100010100101001001
010010010001
010010100100101010010100100101010001010001
010010101001001010001010101001010101001001
010101001001001000100101001010100101001001000100101001001010010
001001010001010010010101000101010101010100100100100100101000101
010
001010100100010010010010100101001000101000101001010
00100101001001001001001010100010100101001
010
010001010
00101001010010001010001010010010001010001010010101010101010010
010100101001010100100100100101010001010001
001010001001010010101010101000101001
01001001001010100101001001000101001001001001010
0100100100101000100100101000101010010010010101001010100100101
010100101001010
001001001010101001010101010001001010010010100100100101001
0100100101010010010010100101
00101000101001001001010
010100101
0010100100100101010010100100100010010100101001010101001000100101
0101010010100100010100100101001010101
001010100101001001001010010
0010100100101001001010100101010101
01010001010100100100100100101001
00101
001
01001010100100100010100100100101001001
01010001
001001010001001010010100101000101001001000101001010001

0010101010010010001010010
0010100100100101000101001001001
001010








0101010
0101010
00101010
010101
0101010
0101010
0101010
